site_id	Lon	Lat
100000001	5.294382	45.829523
100000002	5.299435	45.8323815
100000003	1.918195639	50.30448305
100000004	2.513745757	49.9332428
100000005	2.385456242	49.79422815
100000006	2.169124882	49.71432717
100000007	2.016358357	49.74211763
100000009	7.232714668	47.74561836
100000010	7.264966594	47.82728771
100000011	7.398563309	47.96762657
100000012	7.592563171	48.91860206
100000013	7.75710979	49.04431811
100000014	7.902803052	49.04319903
100000015	6.703332127	48.05790591
100000016	6.760989544	48.18509979
100000017	6.139495842	48.53057291
100000018	6.975323307	48.18445676
100000019	6.729182665	48.53977465
100000020	6.628408377	48.57951326
100000021	6.584674714	48.39720343
100000022	5.80552266	48.90726421
100000023	6.669578399	48.79639989
100000024	7.08033113	49.14902585
100000025	7.472288499	49.12728909
100000026	5.543815146	48.06819812
100000027	5.614143274	48.24112566
100000028	5.733337764	48.40248554
100000029	5.611098085	48.66449129
100000030	5.746197961	49.38094467
100000031	5.680895832	49.31679664
100000032	5.329874291	49.48061661
100000033	3.235082367	48.48744272
100000034	3.17338224	48.44092834
100000035	5.080157244	47.77753501
100000036	4.795337458	48.14423615
100000037	4.619353377	48.27172666
100000038	2.478848762	48.3873699
100000039	2.741157253	48.55882589
100000040	2.78586351	47.94787752
100000041	2.846464786	47.94822298
100000042	2.782218824	48.29527671
100000043	2.383070245	48.36039317
100000044	2.373276174	48.53753886
100000045	2.259468086	48.59466463
100000046	2.036060474	48.56784257
100000047	2.037520931	48.70497398
100000048	2.746371013	48.72114153
100000049	5.165190303	48.34375341
100000050	2.963392679	49.02031902
100000051	3.159559093	48.91606615
100000052	3.445770208	48.78299496
100000053	3.222360334	48.79983322
100000054	3.145147942	48.73610554
100000055	3.828471871	49.91011332
100000056	2.383927063	49.15515367
100000057	1.98546323	49.08701255
100000058	4.259164499	49.73451506
100000059	2.171782498	49.12597218
100000060	1.692093978	48.92749142
100000061	1.723234771	48.98019369
100000062	1.686931075	49.5329023
100000063	1.710584196	49.40230173
100000064	1.735334469	49.27208116
100000065	1.645113805	49.11983613
100000066	1.324057651	49.35275564
100000067	1.291245721	48.44839118
100000068	1.240275918	49.10292765
100000069	1.018208855	48.73073027
100000070	0.761366922	48.76485544
100000071	0.953774483	48.96337592
100000072	1.151793141	49.08025542
100000073	1.036967748	49.50829358
100000074	0.896546	49.49984445
100000075	0.75545658	49.52952979
100000076	1.594905325	49.94859734
100000077	1.138619346	49.88187384
100000078	1.100409917	49.73154677
100000079	0.952933925	49.88276667
100000080	0.626939569	49.83178396
100000081	0.723273401	48.83893208
100000082	0.729010593	49.15328408
100000083	0.568634335	49.34131611
100000084	0.551485797	49.01502337
100000085	4.19433153	44.82388941
100000086	3.919797028	44.88894437
100000088	4.150692978	45.25668349
100000089	4.114111959	45.28559964
100000090	4.046484245	45.99572164
100000091	4.097429923	46.14666444
100000092	4.151536463	46.15012884
100000093	3.678646766	46.50172065
100000094	3.850610567	44.56383846
100000095	3.865724708	44.7258248
100000096	3.490668752	45.11562708
100000097	2.792301122	45.11217715
100000098	3.014131233	45.1418743
100000099	3.294889288	45.44056044
100000100	3.252484376	45.56643192
100000101	3.223359242	45.7389612
100000102	3.447653393	45.96861189
100000103	3.705181093	45.63905933
100000104	3.476710329	45.87357496
100000106	2.809033612	45.87966007
100000107	3.189868717	46.16488734
100000108	3.226302671	46.26317506
100000109	3.310254843	46.340495
100000110	3.319177148	46.40299681
100000111	3.228371759	46.65954198
100000112	1.292766216	47.49318048
100000113	2.566292419	46.14425166
100000114	2.445995151	46.1840181
100000115	2.602639959	46.31241662
100000116	2.8232277	46.42077604
100000118	2.067355404	47.43262661
100000119	1.670793315	47.32060428
100000120	2.1770825	46.44664184
100000121	2.076389166	45.69366379
100000122	2.167500179	45.76421068
100000123	1.919887262	46.21996401
100000124	1.679220242	46.37816311
100000125	1.689399363	46.38577932
100000126	1.338396782	46.11766777
100000127	0.46825983	48.63143304
100000128	-0.022149211	48.38685809
100000129	0.178432904	48.07676224
100000130	-0.146203666	48.47260441
100000131	-0.586042568	48.44532103
100000132	-0.639079174	48.42967339
100000133	-0.631689848	47.31624097
100000134	-1.211743378	47.0973181
100000135	-1.482076532	47.46519272
100000136	-1.6023788	47.0367161
100000137	-1.799471509	46.98343746
100000138	-1.663462982	46.69036156
100000139	-1.72072657	46.5793249
100000140	-0.660416527	46.63088898
100000141	-2.114297091	48.30289875
100000142	-2.568496193	48.48464442
100000143	-3.069095621	48.70611773
100000144	-3.146244203	48.63173269
100000145	-3.244417111	48.78745351
100000146	-3.423006157	48.69508051
100000147	-3.83696845	48.5663615
100000148	-4.389513663	48.54995611
100000149	-4.000326649	48.38452369
100000150	-4.21568751	48.4693004
100000151	-3.710439332	48.25424099
100000152	-3.563029763	48.29128446
100000153	-4.063663173	48.00585592
100000154	-3.617936038	47.92808622
100000155	-3.469043297	47.90416047
100000156	-3.419372553	47.90553949
100000157	-2.990181954	47.72170168
100000158	-1.060860091	48.18663769
100000159	-1.714136955	47.8986461
100000160	-1.412643204	47.71819587
100000161	-1.785735936	47.69962099
100000162	0.840509619	45.71817236
100000163	0.621259083	45.53410631
100000164	-0.131520297	45.04043212
100000165	0.289430831	45.2703454
100000166	0.722462774	45.47133947
100000167	0.246702472	45.02976465
100000168	0.593129465	45.17203451
100000169	1.307567165	45.42868271
100000170	0.951272967	45.34794396
100000171	0.332785047	44.83965925
100000172	0.926906552	44.91759905
100000173	1.11829869	45.02058358
100000174	1.190521025	45.08540681
100000175	1.230582879	45.11878473
100000176	1.307493413	45.12982539
100000177	1.461025971	45.1669742
100000178	1.569566209	45.17238306
100000179	1.797320586	45.30175271
100000180	1.437832758	45.21791403
100000181	1.45130385	45.21765332
100000182	1.956214623	45.61185522
100000183	1.204675809	44.8059558
100000184	1.223333678	44.82777021
100000185	1.360121212	44.86638599
100000186	1.786837672	44.89370162
100000187	2.350296458	44.88196538
100000188	2.523555819	44.97655109
100000189	2.615113255	44.9656012
100000190	1.939497597	45.07155848
100000191	2.328808275	45.51228309
100000192	2.486760641	45.38090192
100000193	-0.71048513	44.88849306
100000194	-0.34274335	44.41052372
100000195	0.579359162	44.67350333
100000196	0.125690939	44.46717953
100000197	0.103368133	44.34308338
100000198	1.657800161	44.50774381
100000199	3.323728571	44.76585439
100000200	3.386015655	44.70328743
100000201	3.198568798	44.44261395
100000202	3.456551805	44.48079291
100000203	3.634402821	44.51901265
100000204	3.496218392	44.33293168
100000205	-0.996206422	44.62630014
100000206	-0.432599598	43.11349164
100000207	-0.824225143	43.48994804
100000208	-0.684934683	43.45123755
100000209	-0.624063734	43.40397733
100000210	-0.453252762	43.31881565
100000211	-0.307912758	43.24416001
100000212	-0.451711332	43.94228904
100000213	-0.323895418	44.0347906
100000214	-0.556120666	43.71663538
100000215	6.101967985	48.09014302
100000216	5.996199283	47.91708134
100000217	5.917184228	47.84081071
100000218	6.075915163	47.74594677
100000219	6.032916355	47.63592215
100000220	5.691587732	47.54328507
100000221	6.708457254	47.83067933
100000222	5.5497338	47.28807166
100000223	5.299950587	47.17849074
100000224	5.179564402	47.13408445
100000225	6.384711642	46.94644282
100000226	6.640367004	47.04736596
100000227	6.951480666	47.26210336
100000228	6.810987565	47.31755395
100000229	6.791701012	47.45211017
100000230	6.846065581	47.47170062
100000231	6.933785802	47.54884704
100000232	6.843585578	47.5216741
100000233	6.765359342	47.48067085
100000234	6.682414131	47.4543541
100000235	6.149487033	47.2856707
100000236	5.963155237	47.19964177
100000237	5.45350601	47.03552361
100000238	5.494724471	47.01514012
100000239	4.998779892	46.98115491
100000240	4.859048746	46.27324918
100000241	4.712958599	46.1275283
100000242	4.606567312	45.83660863
100000243	4.724571041	45.91926867
100000244	6.507905941	46.38297005
100000245	5.937546216	45.87771986
100000246	5.848520775	45.9334441
100000247	5.862241288	45.65090907
100000248	5.637329644	45.59270444
100000249	5.38714688	45.5653928
100000250	5.221568177	45.61233113
100000251	5.186423784	45.77249477
100000252	5.711241753	46.36687755
100000253	5.561869576	46.17384072
100000254	5.212397809	45.81653129
100000255	4.761196291	45.58750278
100000256	4.876507112	45.52956186
100000257	4.799373325	44.82470594
100000258	5.325184763	44.76796357
100000259	4.827035201	44.76837408
100000260	4.412443541	44.54989857
100000261	4.403131499	44.3893605
100000262	4.591722709	44.2907713
100000263	4.718180291	44.12659202
100000264	4.212944764	44.2515543
100000265	4.67893757	44.14730287
100000266	4.871999161	44.01384879
100000267	5.131163457	43.92011977
100000269	4.133451148	44.12934975
100000270	4.099285603	44.09436526
100000271	3.998277371	44.03921501
100000272	4.441746854	43.98268707
100000273	6.822647791	45.61325578
100000274	6.599390145	45.53240896
100000275	6.46556367	45.56119006
100000276	6.547616584	45.82715405
100000277	6.402763278	45.69483643
100000278	6.270154538	45.58404357
100000279	6.292425047	45.48228129
100000280	6.01318326	45.11567418
100000281	5.742420461	45.08311414
100000282	5.529944769	45.08410598
100000283	6.682832576	44.9400328
100000284	6.512195219	44.56109891
100000285	5.934701546	44.21484902
100000286	5.965231169	44.0354628
100000287	5.719879445	43.69768683
100000288	4.92313206	43.88821853
100000289	2.718422599	42.49465791
100000290	2.985389223	42.58562727
100000291	2.484093251	42.64418163
100000292	2.986799939	42.76392082
100000293	2.225672661	42.7954161
100000294	2.263085657	42.9790554
100000295	2.014441916	43.30751691
100000296	2.363785456	43.23970798
100000297	2.410409126	43.25543751
100000298	2.892512407	43.22519431
100000299	3.477405849	43.62799448
100000300	3.470618352	43.56909936
100000301	3.159461159	43.71526515
100000302	3.087372411	43.43763344
100000303	5.132373785	43.50482215
100000305	7.196252705	43.66821051
100000306	6.180655586	47.41594454
100000307	7.530417824	43.89572983
100000308	5.298113889	45.83197222
100000309	5.293972222	45.82913889
100000310	4.744777778	45.41708333
100000311	4.768611111	45.35805556
100000312	4.7744	44.64665
100000313	4.734105556	44.33653611
101000001	27.0306	58.9657
101000002	25.5948	59.5086
101000003	25.9281	58.704
101000004	24.6416	58.2711
101000005	25.2476	58.6068
101000006	26.3367	59.5071
101000007	24.5674	58.8093
101000008	23.8735	59.26
101000009	27.2177	57.9892
101000010	25.959	58.0275
102000002	32.69966865	34.92728089
102000003	32.66360381	34.85452298
103000031	-1.144017683	41.74428836
103000046	0.49458775	40.92190401
103000056	-0.622282285	42.68612873
103000058	-0.705310847	42.84950569
103000059	-0.812940294	42.86385973
103000060	-0.669619575	42.69225293
103000061	-0.601643274	42.55655719
103000064	-1.004890548	42.71855954
103000070	-1.798223416	42.30900604
103000075	-0.843119296	41.67455531
103000078	-0.537744905	41.48054363
103000079	0.346661594	41.52143956
103000082	0.091768685	41.6791037
103000085	0.164170721	41.99908302
103000087	0.164227237	41.89372877
103000094	-0.254723445	42.32219002
103000096	-0.39704804	42.0955851
103000100	-0.355589209	42.39914326
103000103	-0.752171285	42.26911503
103000107	-0.785179069	41.82257902
103000118	-1.99424429	42.63228296
103000121	-1.925547331	42.74752334
103000122	-1.79055906	42.67633149
103000123	-1.826725956	42.66570302
103000124	-1.749082662	42.81391056
103000128	-1.339975037	42.97413999
103000129	-1.410433668	42.98482963
103000130	-1.106336832	42.98856663
103000170	-3.362306184	42.78866967
103000177	-2.896673846	42.67644719
103000205	-2.407793797	42.32867065
103000210	-1.688811707	41.9485217
103000213	-1.759490359	42.17988769
103000214	-1.905988833	41.86660279
103000216	0.190401414	40.80831588
103000234	-1.212726809	41.21550875
103000243	0.612070858	42.68490036
103000262	-2.913765188	42.5494089
103000516	-2.3513851	43.1323467
103000517	-2.275948	43.2630482
103000518	-2.8358021	43.006899
103000519	-2.996502	43.2415312
103000520	-2.473415	42.6340018
103000521	-2.6604225	43.0632717
103000522	-2.398154	42.6943557
103000523	-2.9392667	43.1402113
103000524	-2.9394998	43.1532234
103000525	-2.8965875	42.6769964
103000526	-2.6863781	43.2738424
103000527	-2.3915388	43.1015275
103000528	-2.6171307	42.9190446
103000529	-2.7291298	43.4067506
103000530	-2.7546532	43.2117777
103000531	-2.1777212	43.0163278
103000532	-2.88092	43.2346257
103000533	-2.2191363	43.0504046
103000534	-2.748786	43.3213877
103000535	-2.7760385	42.6500325
103000536	-2.8355404	42.6530692
103000537	-2.4273828	43.1268631
103000538	-3.0456832	42.7770403
103000539	-2.4454906	43.107943
103000540	-2.3295061	43.0067008
103000541	-3.1757827	42.8739924
103000542	-2.02139	43.2999723
103000543	-2.6344464	43.1749694
103000544	-2.2648695	42.8695519
103000545	-2.4519425	43.1891977
103000546	-2.61677	42.5190273
103000547	-1.7294226	43.2940308
103000548	-2.6638158	43.3204492
103000549	-1.8853049	43.3033912
103000550	-2.8452905	42.6916178
103000551	-2.4984907	42.8855822
103000552	-2.5818415	43.3703701
103000553	-3.0681607	42.87408
103000554	-2.8495276	43.2295461
103000555	-2.4539565	43.317911
103000556	-2.8673882	43.3693558
103000557	-2.6024438	43.1694058
103000558	-2.6742334	43.3073056
103000559	-2.9995929	43.338178
103000560	-2.0154456	43.2083354
103000561	-2.8089421	43.4016532
103000562	-2.9930488	43.2797559
103000563	-3.0957921	43.2116855
103000564	-2.803503	43.2425601
103000565	-2.9169011	42.7376294
103000566	-2.3630965	43.2370569
103000567	-2.0715202	43.1668333
103000568	-2.5269534	43.2525204
103000569	-2.6686985	43.1820254
103000570	-2.8912998	42.9092863
103000571	-2.4448605	42.6959965
103000572	-2.9180157	43.2431227
103000573	-2.2561423	43.1733514
103000574	-2.771498	43.2010069
103000575	-2.056947	43.2711862
103000576	-1.9713825	43.2562125
103000577	-2.3305818	43.0725695
103000578	-2.1527286	43.0810712
103000579	-2.2787772	43.1757025
103000580	-2.9952191	43.1085751
103000581	-2.7569147	42.8706453
103000582	-2.5774594	42.8630546
103000583	-2.6123288	43.1548249
103000584	-2.494877	42.9112402
103000585	-2.5672215	42.9966532
103000586	-2.6692665	43.0447023
103000587	-2.3870691	43.254945
103000588	-3.3720556	43.2467883
103000589	-3.0168528	43.0736528
103000590	-2.4050954	43.3077983
103000591	-2.8131382	42.8126215
103000592	-1.8203729	43.2813632
103000593	-2.2341908	43.2670084
103000594	-2.5872138	42.7585288
103000595	-3.0250444	43.2208537
103000596	-2.2103456	43.2461806
103000597	-2.5064511	43.34284
103000598	-2.4340008	43.0330286
103000599	-2.1733788	43.0573502
103000600	-3.2586967	43.2827593
103000601	-3.1043976	43.0889148
103000602	-2.9276707	42.7109263
103000603	-3.2299022	42.8482494
103000604	-3.0139784	42.8023358
103000605	-2.3992561	42.8584039
103000606	-2.569218	43.1304116
103000607	-2.5408751	43.3097565
103000608	-3.1393597	43.2706126
103000609	-2.702943	43.3670659
103000610	-2.4474737	43.0814872
103000611	-2.9375133	43.2920754
103000612	-2.3345495	42.6748491
103000613	-3.1211689	43.313009
103000614	-2.2418122	43.0217141
103000615	-2.0328358	43.2093752
103000616	-2.4190195	43.1778603
103000617	-2.5400191	43.0580425
103000618	-2.7736786	42.8463023
103000619	-2.8979978	43.1705192
103000620	-2.5957968	42.7014825
103000621	-2.6373866	42.9416236
103000622	-1.8214359	43.3379944
103000623	-2.2413836	43.1550378
103000624	-2.3188706	43.1085381
103000625	-2.8210656	43.2263534
103000626	-3.0496335	42.8251275
103000627	-2.1577687	43.0485376
103000628	-2.8548711	43.2818792
103000629	-2.1709435	43.2768417
103000630	-2.6842373	43.0103093
103000631	-2.2582403	43.2256554
103000632	-2.9001014	43.0042987
103000633	-2.7261004	42.8564825
103000634	-3.0577141	43.1855882
103000635	-2.4425529	43.0646151
103000636	-2.0704154	43.191011
103000637	-2.180836205	43.031355
103000638	-2.504809212	43.17472831
103000640	-2.095363755	43.10195946
103000641	-2.156649669	43.05063111
103000642	-2.390216358	43.10339854
103000643	-2.078431506	43.12746307
103000644	-1.818152879	43.28399333
103000645	-2.518289284	43.07103097
103000646	-2.231426711	43.05388715
103000647	-2.053798712	43.19187484
103000648	-2.333612094	43.01862266
103000649	-2.067811545	43.13372183
103000650	-1.727904924	43.2961737
103000651	-2.565348614	42.9847549
103000652	-2.506046146	43.0305915
103000653	-2.499279593	43.04713563
103000654	-2.493996217	43.05260408
103000655	-2.447404836	43.0819959
103000656	-2.420181833	43.1239093
103000657	-2.420215644	43.13154964
103000658	-2.413067647	43.17845628
103000659	-2.432347029	43.19975609
103000660	-2.409083057	43.22543674
103000661	-2.375938498	43.26456864
103000662	-2.441205459	43.19388223
103000663	-1.728365455	43.29554851
103000664	-2.295619632	43.05232656
103000665	-2.66759835	43.03956535
103000666	-2.217898878	43.052181
103000667	-1.880262449	43.31215793
103000668	-2.256233715	43.17899794
103000669	-1.944989852	43.25962347
103000670	-2.020427813	43.21689334
103000671	-1.818993574	43.28322366
103000672	-1.837661549	43.29123812
103000673	-1.874855686	43.30038947
103000674	-1.888766767	43.31169674
103000675	-2.425174354	43.04597236
103000676	-2.438993221	43.06305782
103000677	-2.445787064	43.08249595
103000678	-2.294428968	42.97108194
103000679	-2.250091159	43.01811272
103000680	-2.219796186	43.03015294
103000681	-2.209167717	43.04931856
103000682	-2.169419413	43.06592123
103000683	-2.152853589	43.08181051
103000684	-2.121099714	43.09002517
103000685	-2.086746776	43.1260607
103000686	-2.068431852	43.16557632
103000687	-2.024611516	43.23028624
103000688	-2.053898698	43.26846372
103000689	-2.250966173	43.04405272
103000690	-2.426196516	43.12866753
103000691	-2.464085299	43.02761736
103000692	-2.331783462	43.01385167
103000693	-2.335189808	43.04052804
103000694	-2.331169527	43.070552
103000695	-2.31605912	43.10385676
103000696	-2.317547042	43.1104122
103000697	-2.350033879	43.1340264
103000698	-2.257745349	43.19539639
103000699	-2.248283443	43.21009344
103000700	-2.256915874	43.22752458
103000701	-2.259709311	43.2568841
103000702	-2.233622992	43.2551111
103000703	-2.224609075	43.28097735
103000704	-1.923021076	43.22602884
103000705	-1.950772457	43.25040634
103000706	-1.944987648	43.26224829
103000707	-1.968415796	43.2679482
103000708	-1.954606887	43.27829271
103000709	-2.231133934	43.13499543
103000710	-2.324450151	43.17154262
103000711	-4.92174	43.150987
103000712	-4.911432	43.146195
103000713	-4.835401	43.251799
103000714	-4.715204	43.160911
103000715	-5.043168	43.131715
103000716	-4.79869	43.261337
103000717	-4.756676	43.224511
103000718	-4.91475	43.305926
103000719	-4.809778	43.146027
103000720	-4.807315	43.125416
103000721	-5.179851	43.142522
103000722	-4.909694	43.192013
103000723	-5.17222	43.125505
104000001	18.92669326	66.60226437
104000002	11.34617928	58.64190274
104000003	19.08386106	65.59238888
104000004	13.33344097	56.52188205
104000005	20.38976032	64.6773374
104000006	16.13282772	60.13752801
104000007	15.36137596	57.85645234
104000008	15.33768897	57.01788065
104000009	13.11062972	56.94372256
104000010	15.22640838	64.99159514
104000011	15.05237869	57.98913746
104000012	13.81641707	57.71679042
104000013	16.92323443	64.03440745
104000014	14.88077478	63.85866102
104000015	16.80575256	63.86759041
104000016	23.25594389	67.76318579
104000017	23.3200362	66.11376285
104000018	16.52915789	63.43332272
104000019	19.08765977	65.785698
104000020	13.11954701	60.84263231
104000021	12.56747035	62.55475982
104000022	18.57075767	59.55511339
104000023	14.63980049	58.69992194
104000024	18.24944341	65.17393004
104000025	12.78971457	57.06621757
104000026	17.84852688	60.01157277
104000027	15.57920079	57.63659531
104000028	16.05331696	65.2711791
104000029	16.26798186	62.25942694
104000030	19.77754033	64.24875783
104000031	14.13214571	58.02399552
104000032	13.81617245	55.645614
104000033	14.52078065	65.4433315
104000034	14.15550167	55.72071787
104000035	17.66350239	66.4780452
104000036	16.47043134	57.34637541
104000037	16.46749386	58.74301452
104000038	17.14521589	62.74460011
104000043	13.65439145	62.89651228
104000049	13.55954542	59.83820335
104000051	13.8953033	63.09382961
104000056	13.30077734	56.5709957
104000058	12.90868795	59.10618627
104000059	12.92052006	59.14698081
104000060	15.07297206	58.82224979
104000063	13.48988821	62.02909425
104000066	13.48856562	59.88651562
104000069	12.90351804	61.57388104
104000071	13.57730735	62.04032047
104000073	16.45785745	61.73597403
104000074	14.31561965	57.5633623
104000075	16.62129599	61.67030773
104000084	17.37164106	62.84501102
104000086	12.79024972	56.87665328
104000089	15.2798385	60.42939305
104000090	16.74985641	61.63179301
104000092	16.79843615	63.86808552
104000094	17.08019333	63.69738178
104000095	15.34114506	62.58440028
104000096	13.68031181	57.88253574
104000100	16.51861327	63.43632556
104000101	15.45489666	59.85355848
104000103	13.73935364	63.07548229
104000105	19.71432885	63.59719777
104000109	13.07026752	56.70476713
104000110	13.06129874	56.961963
104000112	12.71717739	57.48134832
104000118	17.0311547	63.02344207
104000122	15.8532485	57.23721879
104000123	13.36153691	57.44816018
104000124	16.72925544	62.61029587
104000125	15.1775309	57.12304647
104000127	16.66334273	61.69508848
104000128	13.36666168	62.01117991
104000131	20.85786064	65.33373233
104000141	11.41739662	58.91988155
104000142	16.42234351	60.75884134
104000145	18.14783083	63.73630344
104000146	12.63242801	61.71603392
104000147	19.296936	63.48357427
104000148	14.38372974	56.38718493
104000149	13.72861515	57.57078377
104000153	12.84558109	61.48418768
104000155	13.12402948	56.32482142
104000156	16.60803078	62.22800048
104000159	13.00884373	60.15318998
104000162	18.46753608	63.08243563
104000163	12.91411243	60.68650488
104000165	16.43853549	62.45301225
104000166	16.43726321	62.45275604
104000175	23.47123593	67.61528884
105000001	6.18245	49.88922
105000002	5.89	49.89407
105000003	5.94102	50.08662
105000004	5.80994	49.80247
105000005	5.96724	49.96426
105000006	6.06424	49.88382
105000007	5.95387	49.90713
105000008	6.31723	49.78816
105000009	6.14335	49.71351
105000010	6.39057	49.79892
105000011	6.27949	49.82335
105000012	6.45806	49.71289
105000013	6.05566	50.11186
105000014	6.49267	49.77543
105000015	6.11513	50.05738
105000016	6.02969	50.09232
105000017	5.77526	49.86817
105000018	6.10889	49.89114
105000019	6.04288	49.78271
105000020	6.07942	49.72934
106000001	22.62678	44.15406
106000002	24.56	43.45111
106000003	24.69756	43.63347
106000004	24.23892	42.92706
106000005	24.37385	42.84134
106000006	24.587294	41.677316
106000007	23.42656	41.76761
106000008	23.57172	41.88705
106000009	23.70255	41.70987
107000001	10.48534465	57.47237389
107000002	10.34733937	57.49413745
107000003	10.41286148	57.58261253
107000004	10.35968957	57.45471848
107000005	10.10881745	57.56910827
107000006	10.13485415	57.39826174
107000007	9.89928212	57.51751246
107000008	9.898407784	57.51590171
107000009	9.964134308	57.40769728
107000010	10.0110318	57.33547933
107000011	10.43786881	57.20834909
107000012	9.843097099	57.2693585
107000013	10.02248293	57.19025509
107000014	10.07576054	57.08815663
107000015	10.35159712	57.10371492
107000016	9.592731929	57.14167897
107000017	8.73477554	57.03192562
107000018	8.618704798	56.8692108
107000019	8.3934476	56.69438985
107000020	9.261810513	57.04548886
107000021	9.502150537	57.09579143
107000022	8.839215135	57.04325169
107000023	9.550175629	56.82557539
107000024	10.02637444	57.01597104
107000025	9.408530509	56.96435194
107000026	9.675428949	56.99953508
107000027	9.43717065	56.91444062
107000028	9.807815193	56.94178388
107000029	9.764929156	56.95767651
107000030	8.519885396	56.85902385
107000031	8.68562944	56.70530711
107000032	9.399919455	56.73437666
107000033	9.519340382	56.74513944
107000034	9.288033916	56.81959178
107000035	9.360983798	56.57552255
107000036	9.587791856	56.74889633
107000037	9.30932007	56.87590497
107000038	10.10025644	56.94285014
107000039	10.22889341	56.79568089
107000040	9.853143021	56.65318953
107000041	9.940773192	56.77198768
107000042	10.04103232	56.69651233
107000043	10.09539427	56.67288394
107000044	10.16825037	56.99092831
107000045	10.14885107	56.87082584
107000046	8.488480276	56.5399379
107000047	8.949859479	56.66802387
107000048	9.028971269	56.61663309
107000049	8.825484956	56.46878743
107000050	8.829861309	56.65865526
107000051	8.759039146	56.40409685
107000052	8.835092692	56.53265146
107000053	9.430059944	56.61114975
107000054	9.628037295	56.69910788
107000055	9.492778465	56.57312959
107000056	9.40412495	56.53350541
107000057	9.730739329	56.55151051
107000058	9.20545465	56.53251019
107000059	9.139703345	56.46095226
107000060	9.309366983	56.51329334
107000061	9.239402492	56.30549546
107000062	8.967087386	56.52077161
107000063	8.997552776	56.41208433
107000064	9.00239424	56.3425631
107000065	9.876797766	56.11193408
107000066	9.580151302	56.06263084
107000067	9.762476013	56.22726038
107000068	9.611980598	55.91027758
107000069	10.10380857	56.39203405
107000070	10.27904039	56.42538393
107000071	9.736901852	56.227613
107000072	9.657119989	56.18764852
107000073	9.962168766	56.44624221
107000074	9.909669239	56.05403802
107000075	9.540136665	56.01259503
107000076	9.963920885	56.01325493
107000077	9.823385921	56.10710826
107000078	9.503971626	56.26013768
107000079	9.907728665	56.10812554
107000080	9.506319744	55.84029485
107000081	9.808309694	56.10892401
107000082	9.783656329	56.02484698
107000083	9.613826894	56.44873211
107000084	10.19274257	56.28984861
107000085	10.21376569	56.35060926
107000086	9.574241728	56.40127675
107000087	9.642860037	56.39746309
107000088	10.10138095	56.3769608
107000089	10.02320063	56.39988627
107000090	8.560817604	56.37771411
107000091	8.405613659	56.3246151
107000092	9.046845391	56.20712127
107000093	9.05024721	56.12112731
107000094	8.472639667	56.44290334
107000095	8.196118748	56.47271387
107000096	8.736779614	56.3588959
107000097	8.845991642	56.31455267
107000098	8.137700946	56.487497
107000099	8.511263082	56.29464596
107000100	8.428479134	56.4100043
107000101	8.312200967	56.44852397
107000102	8.801507231	56.2859186
107000103	8.527076419	56.33949558
107000104	10.62465488	56.25912706
107000105	10.53148062	56.26789911
107000106	10.50458216	56.48820519
107000107	10.5362036	56.34702289
107000108	10.55419602	56.29843726
107000109	10.47993416	56.39321053
107000110	9.187389059	55.90397307
107000111	8.857158693	55.8376775
107000112	9.140019417	56.10061778
107000113	8.580646493	56.0681966
107000114	9.342836959	55.80042523
107000115	9.215319948	55.77481902
107000116	9.080507657	55.80761566
107000117	8.748875663	56.13603066
107000118	8.417317918	56.10902641
107000119	8.69245642	55.8621573
107000120	8.417431305	56.13983629
107000121	8.373388587	56.00702859
107000122	8.714510046	56.17459949
107000123	9.079779948	55.87303724
107000124	8.466512376	56.19563819
107000125	8.393727328	55.89509373
107000126	8.378661371	55.85521366
107000127	8.955546253	56.09050937
107000128	8.616708751	56.03882526
107000129	8.691485926	56.05696878
107000130	8.79628389	55.84231799
107000131	10.0406763	56.13495836
107000132	10.321001	56.47209869
107000133	9.858771881	56.17405803
107000134	9.730512695	55.9319871
107000135	10.12441643	56.00425846
107000136	9.754632462	55.87258317
107000137	9.912029505	55.7909886
107000138	8.53380494	55.6549044
107000139	9.013983508	55.60476938
107000140	8.624166748	55.61884985
107000141	8.414073955	55.62791951
107000142	8.882722526	55.66223922
107000143	9.440296417	55.70220993
107000144	9.346470662	55.67419726
107000145	9.33916379	55.67688635
107000146	9.649076193	55.58967291
107000147	9.436505673	55.49603923
107000148	9.295541484	55.51374904
107000149	8.696436373	55.49643192
107000150	8.61637091	55.49839982
107000151	8.883940518	55.44371036
107000152	8.720380352	55.50830514
107000153	9.006759583	55.50064482
107000154	8.763404703	55.59988746
107000155	9.040610147	55.56715891
107000156	8.813614946	55.42974941
107000157	8.994424319	55.41246777
107000158	9.608581876	55.45916375
107000159	9.551286112	55.37626126
107000160	9.55410857	55.23483399
107000161	8.898426986	55.3425696
107000162	9.249009584	55.29670938
107000163	9.045075528	55.22858016
107000164	9.254166205	55.18432764
107000165	8.85930387	55.33046272
107000166	8.652663041	55.40360896
107000167	9.05361514	55.17193716
107000168	9.022685168	55.16986204
107000169	8.731977378	55.112471
107000170	9.930926702	54.94807645
107000171	9.832601447	55.04426476
107000172	9.616408343	54.94540465
107000173	9.437559923	55.01432474
107000174	9.090086182	55.06054006
107000175	8.737122909	55.00679357
107000176	9.343597851	54.95133438
107000177	9.160603787	55.06878882
107000178	8.71306594	54.95995558
107000179	9.046027198	55.03129612
107000180	10.20587633	55.55485382
107000181	10.28042134	55.56465666
107000182	10.73173912	55.29416624
107000183	10.67094804	55.34750802
107000184	10.42140247	55.2881524
107000185	10.42302535	55.39988547
107000186	10.32655741	55.33019046
107000187	10.29334303	55.43224866
107000188	10.32407065	55.19925179
107000189	10.19137436	55.2783824
107000190	10.52000421	55.40195379
107000191	10.35469463	55.17289808
107000192	10.21780567	55.29839565
107000193	9.929554056	55.32547138
107000194	10.09434426	55.37540135
107000195	9.93755057	55.32570684
107000196	10.4170968	55.09638196
107000197	12.30361731	56.11614557
107000198	12.46708043	56.08047981
107000199	12.18845374	55.94731953
107000200	12.44781171	55.83024059
107000201	12.550076	55.80720553
107000202	12.49363054	55.92794096
107000203	11.62529041	55.70228781
107000204	11.58631057	55.7008862
107000205	11.62419734	55.62969015
107000206	11.58117343	55.73835133
107000207	12.03053641	55.80107949
107000208	12.22627721	55.74085754
107000209	12.13825452	55.69316233
107000210	12.29424252	55.77347795
107000211	12.47782124	55.66047368
107000212	11.39516734	55.22271871
107000213	11.34301109	55.63840533
107000214	11.40945584	55.578172
107000215	11.73410052	55.54665499
107000216	11.31491104	55.31879247
107000217	11.48153159	55.50058166
107000218	11.29463908	55.42726081
107000219	11.43164835	55.3692158
107000220	11.6044759	55.32478015
107000221	11.64744007	55.38695199
107000222	11.87639958	55.20019744
107000223	11.6337455	55.22455937
107000224	11.77821432	55.41990823
107000225	11.80920297	55.36375175
107000226	11.94974058	55.50898093
107000227	12.20428161	55.33431761
107000228	12.20257394	55.42818179
107000229	12.13064059	55.22933758
107000230	12.38297707	54.98887518
107000231	12.0873819	55.04610357
107000232	11.8056088	55.10008132
107000233	12.1430997	55.21977445
107000234	12.110111	55.24181166
107000235	12.27586966	55.27292314
107000236	11.9144684	54.64563211
107000237	11.94062462	54.6048821
107000238	11.93351601	54.83184664
107000239	11.28579963	54.86710789
107000240	11.69350854	54.71937281
107000241	11.47027346	54.82685321
107000242	11.31888869	54.70491741
107000243	14.71282484	55.15281153
107000244	14.91490072	55.09150036
107000245	14.74254536	55.16662388
107000246	14.99540359	55.00471947
107000247	14.94069684	55.16967478
107000248	14.9560968	55.19554324
108000001	7.978005	51.440163
108000002	7.961376	51.441405
108000003	8.135747	51.435197
108000004	8.137236	51.435804
108000005	8.164562	51.450802
108000006	10.45483495	51.82163398
108000007	9.538927048	52.66126575
108000008	8.202479771	50.99157326
108000009	8.206108949	51.00178377
108000010	6.074038275	51.86019949
108000011	7.214256745	50.63131769
108000012	7.355163691	52.34145456
108000013	7.497647301	52.46094988
108000014	7.34304408	52.53502731
108000015	7.357243335	52.53136019
108000016	7.334645067	52.51975468
108000017	7.379738435	53.41642956
108000019	10.85609827	52.55730293
108000020	10.78337928	52.54214241
108000021	10.03841836	52.47787796
108000022	9.715075784	52.7398733
108000024	9.435272353	52.30104136
108000025	9.617704916	52.70267317
108000026	9.555746918	53.19878682
108000027	9.623620751	53.23000321
108000028	8.882791818	53.20911054
108000029	8.03413702	52.58606887
108000030	9.317899525	53.23539835
108000031	8.178916747	53.28838861
108000032	6.673137397	51.34052226
108000033	6.669995185	51.37110462
108000034	6.908378765	51.49564884
108000035	7.301010415	51.59960111
108000036	7.398427161	51.63796316
108000037	7.596106882	51.62782961
108000038	7.778300488	51.68055803
108000039	6.613225653	51.63115151
108000040	6.757584119	51.64774777
108000041	7.098447368	51.69705702
108000042	7.368370891	51.66415316
108000043	7.404901953	51.80286917
108000044	7.54795365	51.8688803
108000045	7.660353264	51.90140629
108000046	7.664836478	51.97022365
108000047	7.713734994	52.14694948
108000049	8.618876898	52.33622759
108000050	8.982846939	52.30015238
108000051	6.74295094	51.40806105
108000052	7.950331435	51.69702656
108000053	7.107970345	50.76659944
108000054	8.42099726	49.54415347
108000056	7.185974807	50.34946891
108000057	7.411629935	50.61821427
108000058	7.454801377	50.44154535
108000059	7.582258375	52.428944
108000060	7.211129912	50.61966205
108000061	7.008555044	50.89400641
108000062	6.972204952	51.02557256
108000063	6.852172309	51.08764187
108000064	6.753783149	51.18181249
108000065	6.712068087	51.44457001
108000066	6.587837765	51.62818909
108000067	7.008613299	50.89670306
108000068	6.967115516	51.03447013
108000069	6.917546063	51.05860369
108000070	6.732110918	51.2583629
108000071	6.663253434	51.35181555
108000072	6.704191384	51.49360958
108000073	6.673063881	51.58008905
108000074	6.245907943	51.83075272
108000075	6.29682825	49.8678166
108000076	7.247961855	50.31793488
108000077	8.014912229	50.38622983
108000078	6.726894714	51.21649436
108000079	6.894416678	51.06871696
108000080	6.79130141	51.45697083
108000081	8.096587844	52.41429035
108000082	8.333933989	52.33112699
108000083	6.966331288	50.99675383
108000084	6.885929032	51.10469673
108000085	6.730191049	51.18869544
108000086	6.723554829	51.37855306
108000087	6.414947962	51.73374732
108000088	6.615444726	51.56668787
108000089	8.355272234	49.20722436
108000090	8.25322933	48.97868215
108000091	6.744624898	51.41200579
108000092	8.230855074	50.99591694
108000093	8.193488883	51.00814324
108000094	8.414769792	49.56686352
108000095	8.357644198	49.67299174
108000096	8.292881155	49.99145647
108000097	7.182281273	49.60821932
108000098	7.238651407	49.63748457
108000099	7.299293609	49.68933529
108000100	7.366011886	49.71572437
108000101	7.539651515	49.80359732
108000102	7.634382311	49.78964557
108000103	7.746600511	49.45931895
108000104	7.728072651	50.10954789
108000106	7.608870662	50.36021507
108000107	6.372307989	49.56438127
108000108	6.440424708	49.65199519
108000109	6.475461639	49.69429902
108000110	6.512250165	49.71266567
108000111	6.560148343	49.7055201
108000112	6.602532415	49.54488761
108000113	6.573565002	49.66741812
108000114	6.570053865	49.6989076
108000115	6.581411188	49.70964156
108000116	6.580314804	49.7107261
108000117	6.66926253	49.77579782
108000118	6.697789388	49.7801255
108000119	6.697108025	49.7810288
108000120	6.85021218	49.81687357
108000121	6.842953823	49.81503829
108000122	6.892794412	49.85018314
108000123	6.949447747	49.87419093
108000124	6.94824677	49.88391198
108000125	7.025939937	49.95140875
108000126	7.015800789	49.95302659
108000127	7.132521579	49.97397565
108000128	7.180739061	50.02996341
108000129	7.132686428	50.0818749
108000130	7.226960113	50.12371712
108000131	7.171350336	50.15459311
108000132	7.183944885	50.15455531
108000133	7.335262779	50.18582351
108000134	7.450777143	50.27750159
108000135	7.445411885	50.27639954
108000136	7.570715654	50.36703542
108000137	7.568431843	50.3681852
108000138	7.613740431	50.37205196
108000139	7.624150421	50.67785694
108000142	7.966654016	50.84578973
108000143	6.485684296	51.66506158
108000144	6.800854552	51.17430787
108000145	6.606870582	51.64741876
108000146	6.337544327	51.7653571
108000147	7.907958195	49.87989438
108000148	7.899572554	49.95375218
108000149	7.967507009	50.34830262
108000150	9.100367643	50.18688582
108000151	9.318498	50.160917
108000152	9.428786	50.037406
108000153	7.101083333	49.70591667
108000156	13.41254	48.93833
108000159	12.18013766	52.2679112
108000162	11.9853336	51.42425822
108000164	12.05356871	52.85555171
108000165	12.31896857	51.90450877
109000001	-3.8352245	52.276796
109000002	-3.4337556	52.676768
109000003	-3.5447228	52.429927
109000004	-3.1086122	52.768807
109000005	-3.555032	52.442829
109000006	-3.1256779	52.798314
109000007	-3.4774774	52.455511
109000008	-3.2677673	52.532567
109000009	-2.7810646	55.603053
109000010	-4.2448337	55.851559
109000011	-4.9966615	55.098636
109000012	-4.4807206	54.957889
109000013	-5.6023178	57.764595
109000014	-3.1067165	57.619855
109000015	-3.8538993	57.122993
109000016	0.23073615	51.659411
109000022	-0.070028209	51.808157
109000024	-0.48928627	51.566538
109000026	-0.51673913	51.680088
109000027	-0.49202491	51.779573
109000029	0.065506766	51.832652
109000030	-0.004381763	51.801396
109000031	-0.13219049	51.86734
109000032	-0.46913839	51.103805
109000033	-1.6744609	51.424723
109000034	-0.94172563	51.3353
109000035	-0.84653907	51.123802
109000036	-1.0164091	51.2926
109000037	-1.3514552	51.420765
109000038	-0.46818106	51.116347
109000039	-0.47330515	51.118671
109000040	-0.49123005	51.122393
109000041	-1.7072215	51.688249
109000042	0.1737991	51.172958
109000043	0.18469841	51.3126
109000044	-0.17664889	51.476299
109000045	0.12371707	51.421369
109000046	0.14751876	51.447374
109000047	-0.78758671	51.170506
109000048	-0.32546739	51.433233
109000049	-0.25076649	51.475936
109000050	-0.3186377	51.471128
109000051	-0.31808634	51.445789
109000053	-2.3782698	52.811142
109000054	-2.1851546	52.402566
109000055	-2.3208691	52.671972
109000056	-2.6800212	52.848451
109000057	-2.5890237	52.313237
109000058	-2.2468649	52.398497
109000059	-2.0667265	52.33212
109000060	-2.6085038	52.724782
109000061	-2.8325218	52.747693
109000062	-2.8425958	52.732339
109000063	-2.5686689	52.735768
109000064	-2.8765901	52.359003
109000065	-2.3894398	52.199608
109000066	-1.5476693	52.418748
109000067	-2.7898771	52.743131
109000068	-2.2269207	51.947756
109000069	-2.1999191	52.254653
109000070	-2.2503756	52.369631
109000071	-2.1991078	52.400295
109000072	-2.3278868	52.384275
109000073	-2.6547236	52.647224
109000074	-2.3265229	52.636897
109000075	-2.5097986	52.894252
109000076	-2.1975369	52.54189
109000077	-2.1600711	52.416537
109000078	-2.7354812	52.703386
109000079	-2.3952832	52.560274
109000080	-2.1911837	52.267254
109000081	-3.0440368	50.754868
109000082	-2.2012444	50.727122
109000083	-4.046998	50.557825
109000084	-2.1558628	50.679593
109000085	-1.7796658	51.071156
109000086	1.2955338	51.137183
109000087	0.95393664	51.220611
109000088	1.1729283	51.278521
109000089	1.2740926	51.145341
109000090	1.3142771	51.127387
109000091	0.84102295	51.146507
109000092	1.0312639	51.258478
109000093	0.61776515	51.072393
109000094	0.80124963	51.160329
109000095	-2.7467013	54.551339
109000096	-2.7520505	54.925157
109000097	-2.6151867	54.647341
109000098	-2.8280369	54.902197
109000099	-1.6279117	55.338476
109000100	-3.5326192	54.440572
109000101	-3.4983516	54.515602
109000102	-2.3458458	53.793774
109000103	-2.5222957	53.926229
109000104	-2.7704155	53.919653
109000105	-2.6043327	53.642314
109000106	-2.4509289	53.847937
109000107	-2.6265619	53.994074
109000108	-2.2242181	53.78184
109000109	-2.4048858	53.604892
109000110	-2.5294455	53.97493
109000111	-2.6125345	53.657166
109000112	-1.9705258	53.469301
109000113	-2.68761	53.882281
109000114	-2.7456762	54.076001
109000115	-2.6632415	53.990902
109000116	-2.7906791	53.991983
109000117	-2.7231624	54.14094
109000118	-2.6390622	53.53322
109000119	-2.8205926	53.863289
109000120	-2.7067268	53.921618
109000121	-2.4389745	53.61749
109000122	-2.7140945	53.699981
109000123	-2.3883028	53.558279
109000124	-2.0903006	53.242047
109000125	-2.7931384	53.854854
109000126	-2.665297	53.982074
109000127	-2.6178187	53.640843
109000128	-1.9864684	53.454428
109000129	-1.9805152	53.465304
109000130	-2.0256304	53.567707
109000131	-2.6045262	53.948115
109000132	-2.5660012	53.954334
109000133	-2.1891551	53.851134
109000134	-2.3765385	53.363841
109000135	-2.1516878	53.418504
109000136	-1.9263457	53.379991
109000137	-1.997842	53.36191
109000138	-2.1557948	53.41422
109000139	-2.7640164	53.911928
109000140	-2.5212451	53.939679
109000141	-2.5179983	53.945652
109000142	-2.4042273	53.573929
109000143	-2.1095995	53.241716
109000144	-2.5311359	53.974779
109000145	-2.618218	53.641254
109000146	-1.8848331	53.315644
109000147	-3.2318357	54.283133
109000148	-2.6078775	54.407541
109000149	-2.7638196	53.883626
109000150	-2.4893986	53.637832
109000151	-2.4681214	53.635347
109000152	-2.7579345	53.947631
109000153	-2.4872403	53.267395
109000154	-2.1215382	53.245687
109000155	-2.5513192	53.607785
109000156	-2.7920993	53.862618
109000157	-2.6059715	53.665882
109000158	-2.268688	53.490035
109000159	-2.6261706	53.54909
109000160	-1.982075	53.299761
109000161	0.95849648	52.007383
109000162	0.95264746	52.040267
109000163	0.44660626	51.737838
109000164	0.7195677	52.080503
109000165	0.42292034	51.844625
109000166	0.86559585	51.894475
109000167	0.9284837	51.9718
109000168	0.75305201	51.998428
109000169	0.70768192	52.072234
109000170	1.530645	52.337364
109000171	0.74032702	52.950053
109000172	1.2522193	52.815279
109000173	1.3561832	52.723947
109000174	1.3778859	52.124624
109000175	1.0143771	52.177204
109000176	1.0974417	52.884621
109000177	1.4309481	52.871849
109000178	0.88729792	52.919145
109000179	1.2816014	52.546911
109000180	1.2067363	52.65569
109000181	1.1825106	52.359855
109000182	0.80898689	52.837845
109000183	1.1192223	52.725099
109000184	-0.15088622	53.251269
109000185	-0.11390558	53.19504
109000186	-0.40428482	53.276595
109000187	-0.58240583	53.151193
109000188	-0.63536664	52.847954
109000189	-0.6956934	52.965502
109000190	0.079371889	53.260151
109000191	0.20605875	53.390934
109000192	0.05287946	53.2705
109000193	0.16143725	53.371072
109000195	0.096742959	53.186124
109000197	-0.40824574	53.275749
109000198	-0.36606573	53.019864
109000199	-0.47325342	53.192995
109000200	-0.25738078	52.905042
109000201	-0.18777025	52.969631
109000202	-0.38580631	53.010244
109000203	0.21253731	53.109406
109000204	-0.64562685	53.280479
109000205	-0.05042783	52.945961
109000206	0.30796789	53.217283
109000207	-0.62469775	52.832197
109000208	-0.62106722	52.877456
109000209	-0.61986939	52.961948
109000210	-0.67127186	52.985009
109000211	-0.7459173	53.030768
109000212	-0.62865977	53.154432
109000213	-0.5549773	53.202932
109000214	-0.33794317	53.208265
109000215	-0.11453744	53.009849
109000216	0.21359168	53.291143
109000217	-0.92115494	52.339352
109000218	-0.92550524	52.280953
109000219	-0.90993554	52.258334
109000220	-0.12281081	52.577523
109000221	-0.61629237	52.614301
109000222	-0.54915114	52.627568
109000223	-0.28301984	52.707624
109000224	-0.91179623	52.242168
109000225	-0.76485801	52.575172
109000226	-0.72332883	52.531578
109000227	-0.4918412	52.747325
109000228	-0.42138975	52.68797
109000229	-0.39993062	52.70836
109000230	-0.36395234	52.720456
109000231	-0.29465228	52.750947
109000232	-1.1536258	52.319975
109000233	-0.70632505	52.667615
109000234	-0.71879277	52.636716
109000235	-0.59528967	52.663187
109000236	-0.53876278	52.673292
109000237	-0.4600929	52.681286
109000238	-0.60926076	52.45567
109000239	-0.55491631	52.407368
109000240	-0.67818757	52.316206
109000241	-1.1535379	52.228387
109000242	-1.0570112	52.231729
109000243	-0.93330332	52.230271
109000244	-0.78284753	52.244505
109000245	-0.74462472	52.249499
109000246	-0.71782495	52.264496
109000247	-0.41497249	52.579097
109000248	-0.58621801	52.669372
109000250	-0.76584036	52.434931
109000251	-0.73483008	52.439099
109000252	-0.69295179	52.412571
109000253	-0.69585261	52.364053
109000254	0.043144862	52.750104
109000255	-0.72086674	52.378693
109000256	-0.67618533	52.299721
109000257	-0.2960981	52.751867
109000258	-1.0274623	52.444564
109000259	-0.89691687	52.487472
109000260	-0.54653063	52.5974
109000261	-0.5390524	52.620252
109000262	-0.51165019	52.644185
109000263	-0.27021539	52.65709
109000264	-0.15420539	52.778514
109000265	-1.0877261	52.304794
109000266	-0.58332012	52.538454
109000267	-0.43548445	52.528995
109000268	-0.67534119	52.488004
109000269	-0.92289453	52.207205
109000270	0.77831911	52.386935
109000271	0.66293879	52.518041
109000272	0.59983027	52.313293
109000273	0.28073778	52.286672
109000274	0.19238021	52.062132
109000275	-0.266488	52.031481
109000276	-0.35357724	52.26879
109000277	0.5824517	52.688168
109000278	-0.59196483	51.897649
109000279	-0.95787412	52.132572
109000280	-1.0512566	52.00123
109000281	-0.97535173	52.471095
109000282	-1.9046251	53.662048
109000283	-1.9404062	54.044056
109000284	-1.7632107	53.518202
109000285	-0.66177335	54.461457
109000286	-1.56565	53.478952
109000287	-0.6304588	53.755813
109000288	-1.9530484	53.663875
109000289	-1.8601358	54.300131
109000290	-1.3944419	54.097373
109000291	-1.6118217	53.906831
109000292	-1.7153368	53.905324
109000293	-2.006077	54.071033
109000294	-1.873512	53.94514
109000295	-1.343929	53.906566
109000296	-1.6376044	53.467651
109000297	-2.0133504	53.741927
109000298	-1.6352486	53.441954
109000299	-2.1511926	54.055659
109000300	-2.0646073	53.778464
109000301	-2.0181037	53.759776
109000302	-2.0034466	53.704995
109000303	-1.855192	53.61606
109000304	-1.5900615	53.51475
109000305	-1.7027118	53.501888
109000306	-1.8917245	53.972121
109000307	-1.5311317	53.908341
109000308	-1.5520883	53.401672
109000309	-1.8034083	53.562767
109000310	-0.35696807	53.934224
109000311	-1.9409265	53.674655
109000312	-1.9305105	53.601674
109000313	-1.9058014	53.765907
109000314	-2.0424307	53.772263
109000315	-1.5659315	53.380384
109000316	-1.8203314	53.55589
109000317	-1.5628349	53.456695
109000318	-2.0145302	53.777133
109000319	-1.9911961	53.832517
109000320	-2.1248707	53.708552
109000321	-1.5619343	52.847795
109000322	-1.132322	52.573939
109000323	-1.5072779	53.084898
109000324	-1.7523655	52.520221
109000325	-1.8761457	53.048998
109000326	-2.0402788	53.094899
109000327	-2.1994557	52.963497
109000328	-1.5547487	52.70816
109000329	-2.1471254	52.897952
109000330	-1.281262	52.939919
109000331	-1.3016454	52.875316
109000332	-1.0414789	53.151277
109000333	-1.8436814	52.950978
109000334	-1.4305231	52.90477
109000335	-1.3402815	53.070606
109000336	-1.3206544	53.084879
109000337	-1.2292589	52.683837
109000338	-1.9301989	52.830603
109000339	-1.2105538	53.227127
109000340	-0.84785777	53.456993
109000341	-2.0029494	53.14075
109000342	-1.1309028	52.94341
109000343	-1.7985511	53.054285
109000344	-1.6419135	52.872334
109000345	-1.6516757	53.321816
109000346	-1.8398883	52.768488
109000347	-0.98705922	52.985421
109000348	-2.011913	53.120075
109000349	-1.0278723	53.025316
109000350	-0.95337584	53.269194
109000351	-1.8497001	52.932108
109000352	-1.1609874	53.23398
109000353	-1.7171701	52.722412
109000354	-1.6039505	52.841767
109000355	-1.7245785	52.721531
109000356	-2.0283133	53.066138
109000357	-0.97769907	53.00332
109000358	-1.6905696	52.505692
109000359	-1.0142188	53.42702
109000360	-1.0275219	53.503534
109000361	-1.5335799	52.58339
109000362	-1.672281	53.179402
109000363	-2.0328261	53.11288
109000364	-0.4490667	53.406636
109000365	-0.49192841	53.51326
109000366	-0.52912359	53.658448
109000367	-0.46455345	53.477853
109000368	-0.15649897	53.527436
109000369	-0.16496261	53.541051
109000370	-0.15250588	53.549849
109000374	-0.3299782	53.48653
109000375	-0.24432726	53.410094
109000376	-0.37296525	53.390341
109000377	-0.016219338	53.365168
109000378	-0.31030553	53.60522
109000379	-1.5697348	53.408739
109000380	-0.11340197	53.49672
109000381	-0.005666519	53.494449
109000382	-0.62404403	53.671262
109000383	-0.121974	51.922181
109000384	-0.116873	51.861611
109000385	-0.128563	51.868307
109000386	-0.07685	51.802604
109000387	-0.587386	51.690211
109000389	-0.477765	51.76307
109000390	-0.507304	51.79054
109000392	-0.268012	51.867746
109000393	-0.220967	51.837514
109000394	-0.281269	51.876986
109000395	-0.264048	51.856771
109000396	-0.248372	51.847601
109000397	-0.14659	51.80465
109000398	-0.244648	51.843319
109000399	-0.516337	51.578141
109000400	-0.631509	51.672075
109000401	-0.539297	51.584912
109000403	-0.392659	51.793264
109000404	-0.387395	51.788822
109000405	-0.33579	51.745895
109000406	-0.337773	51.723056
109000407	-0.348607	51.699893
109000408	-0.378507	51.783943
109000409	-0.328256	51.735753
109000410	-0.352306	51.754202
109000411	-1.76443004	52.19387436
109000418	-2.38004064	54.69445801
109000419	-2.071406	51.066863
109000420	-1.766777	51.088315
109000421	-1.757187	51.109229
109000422	-1.943838	51.028448
109000423	-1.867555	51.036659
109000424	-2.018901	51.066245
109000425	-2.078447	51.061652
109000426	-2.220316	51.133569
109000427	-1.948128	51.132857
109000428	-2.016884	51.090344
109000429	-1.910948	51.34534
109000430	-1.82174	51.305603
110000001	-9.576039	54.001086
110000002	-9.588357	54.015348
110000003	-9.56435	53.950406
110000004	-9.559057	53.951784
110000005	-9.598229	53.956045
110000006	-9.606073	53.964133
110000007	-9.65592	53.91706
110000008	-9.68549	53.917952
110000009	-9.575217	54.00126
110000010	-9.547965	54.011348
110000011	-9.56309	53.978363
110000012	-9.559862	53.97774
110000013	-9.577586	53.988006
110000014	-9.597087	54.00186
110000015	-9.560202	53.982908
110000016	-9.54101	53.994128
111000001	9.60315963	62.20325489
111000002	9.965332058	62.13410301
111000003	10.14158109	62.13583664
111000004	10.0279	61.9838
111000005	10.74916	61.74535
111000006	9.81879	61.97721
111000007	9.80637	61.99495
111000008	5.99821	59.54897
111000009	6.79711771	58.20979486
111000010	6.79702991	58.20983827
111000011	6.79669967	58.21049744
111000012	6.76873976	58.1994906
111000013	6.7606787	58.20615991
111000014	6.75998163	58.20641722
111000015	6.75923746	58.20634127
111000016	6.1161	59.59285
111000017	5.99818	59.55499
111000019	5.99982	59.54302
111000020	5.97635	59.54068
111000021	6.11552	59.59206
111000022	6.10387	59.58547
111000023	6.05277	59.5717
111000024	6.05242	59.57017
111000025	6.05054	59.57074
111000026	6.02388	59.56608
111000027	6.02392	59.56583
111000028	5.99693	59.55678
111000029	5.80062475	58.52134895
111000030	6.02890682	58.59600947
111000031	6.00185056	58.5776409
111000032	5.95712596	58.57690359
111000033	5.9380173	58.565593
111000034	5.82450944	58.51465344
111000035	5.99455542	58.57984293
111000036	5.94236359	58.56743108
111000037	5.80430116	58.53097651
111000038	6.00572935	61.60732309
111000039	5.84296789	61.57684768
111000040	5.83180053	61.57715023
111000041	5.79279755	61.56965019
111000042	5.78314083	61.56813454
111000043	5.78735976	61.54505916
111000044	5.78576585	61.54057473
111000046	5.99002105	61.6006676
111000047	5.72170124	61.51726417
111000048	5.97217357	61.58387988
111000049	5.94312742	61.57854361
111000050	5.94184835	61.57833158
111000051	5.90456691	61.57484032
111000052	5.89628408	61.57720393
111000053	6.35805	61.33569
111000054	6.23204	61.36583
111000055	6.14875	61.36089
111000056	6.12164	61.35396
111000057	5.80579	61.32682
111000058	5.7948	61.31348
111000059	5.7278	61.33883
111000060	5.72287	61.36238
111000061	5.68735	61.36959
111000062	6.45442	61.34258
111000063	6.32117	61.34558
111000064	6.23297	61.32007
111000065	6.13091	61.33976
111000066	6.43753	61.42332
111000067	6.37655	61.42009
111000068	6.34655	61.41514
111000069	6.2797	61.40973
112000001	16.0252603	48.8666458
113000001	10.7013	46.7435
113000002	10.6996	46.7424
113000003	10.6475	46.7115
113000004	9.958985	46.020983
113000005	9.925723	45.923198
114000001	18.61614286	46.7686403
114000002	17.65100879	47.79191747
114000003	17.24820995	48.00412779
114000004	17.48157436	47.79846003
114000005	17.75956317	47.73507445
114000006	17.10386031	47.94512322
114000007	16.87579058	47.58957458
114000009	16.68078213	47.44281314
114000010	16.26725286	46.95367489
114000011	17.62008508	47.67653192
114000012	16.27293582	46.9596822
114000013	16.4409234	47.20984665
114000014	17.41145759	47.51829138
114000015	18.01423947	47.72416157
114000016	18.30460581	47.69744501
114000017	18.69152419	47.75066831
114000018	19.61619444	48.24137593
114000019	18.7632612	47.88629713
114000020	19.05108789	45.97441722
114000021	18.89554029	45.94464569
114000022	20.10484453	46.18551547
114000023	18.72000489	46.3793232
114000024	18.44236472	46.6838582
114000025	18.92972127	46.80999815
114000028	18.20036077	45.78350725
114000029	18.09457339	45.82602288
114000030	18.08127152	45.81783918
114000031	22.82889641	48.10258608
114000032	22.17214537	48.41372591
114000033	21.54953566	48.17687304
114000034	20.04842185	46.86754579
114000035	20.20275863	46.25444969
114000036	22.83410131	47.97945738
114000037	22.69399887	47.84130285
114000038	22.41919235	47.76305435
114000039	21.63879015	48.09248414
114000040	21.37276356	47.63432655
114000041	21.31721339	47.1046694
114000042	21.02989284	47.35831956
114000043	21.33331019	46.62948998
114000044	21.42990426	46.69378058
114000045	21.65588989	47.02048061
114000046	21.07809604	46.85390027
114000047	16.6983598	47.60317151
114000048	17.8800232	47.6556103
114000049	18.65400892	47.73995156
114000050	18.99319021	46.29986776
114000051	20.70191391	46.16107454
114000052	20.20891276	46.76067081
114000054	20.10484453	46.18551547
114000055	17.44252702	45.95052839
114000056	22.27869356	48.22099999
114000057	21.70390714	47.99038464
114000058	20.49846058	46.89058142
114000059	18.1207973	47.75108544
114000061	17.40105792	47.5127723
114000062	17.37861383	47.70696377
114000063	16.88903163	47.36761964
114000064	19.61447091	47.8901232
114000065	17.95437895	46.59838772
114000066	19.19055633	46.03001845
114000067	21.57329154	47.60907199
114000068	21.88458338	47.41361968
114000069	21.84024432	47.25267844
114000070	21.08390712	47.43466967
114000071	20.21669006	46.24190846
114000072	17.42711255	46.83175988
114000073	22.53325535	47.99953269
114000074	20.84428942	46.94494663
114000075	21.60463737	47.43451256
114000076	22.51217286	48.0308312
114000077	21.88455302	47.29872238
114000078	18.71402118	45.98285035
114000080	21.680406	48.349178
114000081	20.748167	48.249028
114000082	20.845272	48.566131
114000083	20.389542	47.435686
114000084	20.960894	48.107939
114000085	21.264442	48.504033
114000086	20.632578	47.000372
114000087	20.516947	47.473447
114000088	21.663697	48.408839
114000089	20.339503	48.28285
114000090	21.251683	48.515967
114000091	21.078608	47.908486
114000092	22.103883	48.3452
114000093	20.091853	47.292403
115000001	-8.010159	37.516498
115000002	-8.002606	37.527186
116000004	16.99131672	48.16387722
116000007	16.249858	48.719017
117000001	5.73665	52.28527
117000002	5.303577	51.568666
117000003	5.497979	51.510888
117000004	5.269823	51.553995
117000005	5.498178	51.456992
117000006	6.39155	52.51098
117000007	6.54476	52.31816
117000008	6.86267	52.44568
117000009	6.45771	52.46692
117000010	6.67654	52.2435
117000011	6.87806	52.15649
117000012	6.95854	52.4242
117000013	7.05514	52.34188
117000014	7.05715	52.39623
117000015	7.00601	52.23175
117000016	7.00394	52.23561
117000017	7.03851	52.2441
117000018	6.73386	52.68546
117000019	6.73889	52.6116
117000020	6.47108	51.85403
117000021	6.75358	52.09383
117000022	6.79395	51.93967
117000023	6.85055	52.13907
117000024	6.76292	52.0152
117000025	6.22646	51.869
117000027	6.38993	51.86509
117000028	5.71823	51.43872
117000029	5.75945	51.33341
117000030	5.69024	51.46308
117000031	5.69369	51.44113
117000032	5.65443	51.51316
117000033	5.46208	51.64797
117000034	5.32963	51.69279
117000035	5.27279	51.72116
117000036	5.27284	51.73357
117000037	5.77463	51.36773
117000038	5.61514	51.55206
117000039	5.74209	51.74101
117000040	5.71764	51.72417
117000041	5.79221	51.70592
117000042	5.44821	51.66285
117000043	5.9433	51.70494
117000044	5.65891	51.57379
117000045	5.65956	51.5533
117000047	6.04202	52.37404
117000048	6.02071	52.34542
117000049	5.5355	52.24911
117000051	5.43844	52.16338
117000052	5.54678	52.14713
117000053	5.45591	52.15442
117000054	5.75903	51.97813
118000004	8.60363	47.40259
119000001	29.334205	66.335013
119000002	29.128373	66.223412
119000003	29.426609	66.382179
119000004	29.579633	66.381838
119000005	29.163472	66.207575
119000006	29.401541	66.212673
119000007	29.423721	66.379146
119000008	29.13634	66.191183
119000009	29.518193	66.337734
119000010	29.391159	66.216611
120000001	25.1480037	57.795037
120000002	24.9964677	57.8740016
120000003	24.4094509	57.7530955
121000003	3.46189281	51.02102642
121000004	3.51817773	51.02879884
121000005	3.89853166	50.81061274
121000007	4.02778561	51.08598412
121000009	4.4239795	50.76354122
121000010	5.0305485	51.48664096
121000011	5.07523756	51.47102375
121000013	4.75096398	51.49657186
121000015	4.84406109	51.41542145
121000016	4.86817045	51.40665821
121000017	4.82463116	51.38065348
121000019	4.7453444	51.24209891
121000021	4.87206999	51.23143308
121000028	5.00591597	51.24627238
121000029	5.05891188	51.30276154
121000034	5.42569636	51.14065971
121000040	3.77157405	50.82309825
121000042	3.84588034	51.1692193
121000044	3.92031528	51.21509458
121000045	3.9203121	51.22140425
121000047	4.63997286	51.41630879
121000049	4.56025156	51.22084926
121000053	5.06665805	51.2390886
121000059	5.71887575	51.11918237
121000073	5.17837466	51.15684839
121000075	5.08378831	51.25430209
121000079	3.69015463	51.16725212
121000083	3.71446931	51.26778863
121000086	3.98339119	51.23338208
121000087	3.81307486	51.21084779
121000094	3.72157122	50.77582724
121000096	3.76880874	50.76155087
121000103	4.58943484	50.99285225
121000108	5.36711807	51.13704468
121000141	4.81707605	51.20565248
121000142	4.78542089	51.06152273
121000147	4.73968134	51.1212792
121000151	5.71083823	50.75627197
121000153	5.8012993	51.10212577
121000154	5.67115358	51.07619115
121000158	5.78959067	51.15654886
121000160	5.7769528	51.17120101
121000161	4.77733315	51.42739034
121000162	4.63860357	51.42056292
121000165	3.28455185	50.83017625
121000167	4.43096506	51.05380833
121000168	5.2405166	51.13273728
121000174	3.97763366	51.04163215
121000178	3.61821107	51.08268316
121000183	3.86439679	50.76130802
121000189	4.73354714	51.10217099
121000190	4.57984767	51.1492161
121000191	4.73616584	51.18789367
121000192	3.68427018	51.26559597
121000193	3.71175844	51.27716627
121000196	4.56040323	51.11598384
121000197	3.75149143	51.26889473
121000198	3.3498336	50.70030492
121000202	2.57467013	50.90031078
121000204	4.02305659	50.72564511
121000206	2.81471528	50.9907967
121000213	4.9545482	51.09532636
121000214	4.98272793	51.11603628
121000215	4.98528682	51.12702497
121000216	5.02340656	51.14901192
121000217	5.14902561	51.14979256
121000218	4.78071609	51.18436647
121000219	4.82934262	51.18589392
121000221	4.92433558	51.20484477
121000223	5.00117232	51.14711105
121000225	5.80926571	51.12522289
121000228	5.62843917	51.1787239
121000230	4.77849143	51.5045142
121000231	4.74465239	51.44469141
121000237	3.68382151	50.88485379
121000241	5.48452727	51.30252138
121000248	4.499726	51.24187467
121000251	5.15287265	51.19155526
121000252	5.16162312	51.23163948
121000253	4.8476686	51.17109791
121000254	5.14645122	51.2310124
121000255	5.58044239	51.21610968
